2021 340 2048 1846
2020 882 3840 1344
2021 623 720 1863
2022 514 3840 1751
2023 633 2048 1838
2019 891 1080 2114
2022 775 1080 1998
2021 833 1080 1118
2018 621 3840 1682
2020 490 2048 1115
2023 430 720 1119
2023 807 720 2159
2023 717 1080 1979
2023 1052 1080 2000
2020 315 720 1721
2021 850 3840 1258
2023 795 2048 1670
2018 913 3840 2167
2018 872 3840 1035
2019 453 720 1874
2022 915 3840 1653
2019 675 2048 2007
2022 1098 720 1953
2023 731 2048 1198
2023 714 2048 1595
2019 537 2048 1552
2019 791 2048 1988
2022 1006 2048 2078
2019 605 2048 1745
2018 757 2048 1721
2018 693 720 2175
2018 638 2048 1599
2022 920 3840 1613
2021 429 3840 1583
2019 324 720 2010
2022 675 2048 1769
2022 769 2048 1798
2023 969 1080 1381
2021 331 720 2013
2019 673 2048 1747
2021 1093 1080 1602
2018 911 3840 1057
2018 792 720 2040
2022 1008 720 2009
2020 1005 720 1211
2020 514 2048 1627
2022 693 1080 1963
2018 985 2048 1682
2021 402 2048 2166
2018 418 1080 2182
2022 965 720 1289
2018 757 1080 1432
2022 689 720 1246
2021 522 720 1881
2021 741 1080 1468
2022 708 1080 1043
2018 339 1080 1261
2018 690 2048 1083
2022 907 2048 1697
2023 1066 720 1189
2022 908 2048 1667
2019 473 3840 1171
2019 704 2048 1119
2018 605 2048 1531
2018 800 720 1229
2023 766 3840 1842
2022 471 1080 1969
2018 889 2048 1353
2018 723 2048 2015
2022 906 3840 1531
2019 889 3840 1073
2022 872 1080 1225
2018 313 3840 1091
2020 549 720 1669
2023 610 2048 2022
2020 574 2048 1386
2019 467 2048 2072
2018 588 720 1716
2018 608 1080 1128
2020 345 2048 1022
2023 785 1080 1072
2023 593 1080 1738
2023 694 3840 1586
2023 507 720 1526
2019 472 3840 2068
2023 987 3840 1493
2020 666 720 1822
2023 445 2048 1694
2020 361 2048 1518
2023 311 3840 1963
2022 570 3840 1075
2018 678 1080 1942
2023 867 1080 1716
2020 808 3840 1676
2018 299 720 1676
2021 696 3840 1332
2022 539 720 2021
2022 375 2048 1809
2023 977 3840 1978
2022 428 1080 1251
