i10 2021 107 45.12 4.0
i3 2023 198 67.52 4.5
i5 2019 349 47.54 5.0
i9 2021 428 72.85 5.0
i10 2019 267 76.82 4.0
i3 2022 233 78.29 4.5
i3 2019 439 81.9 5.0
i10 2019 533 43.51 4.0
Ryzen5 2018 290 66.81 4.5
i9 2019 366 34.74 4.0
i5 2022 567 72.29 4.5
i10 2022 219 79.17 3.5
i5 2019 384 45.66 4.0
i9 2020 129 72.16 5.0
Ryzen7 2021 516 74.66 5.0
i5 2019 126 38.89 4.5
i9 2022 279 64.36 4.5
Ryzen5 2023 526 78.32 4.0
i5 2019 239 63.14 4.5
Ryzen5 2019 397 52.35 3.5
Ryzen9 2020 305 49.72 4.5
i9 2019 439 71.6 5.0
Ryzen7 2019 298 64.95 4.5
Ryzen9 2021 367 82.28 4.0
i5 2022 435 48.22 3.5
i10 2022 333 47.4 4.0
i10 2020 200 54.34 5.0
i10 2020 381 54.31 3.5
Ryzen5 2022 356 37.92 3.5
i3 2022 279 79.22 4.0
Ryzen5 2022 583 42.74 5.0
Ryzen5 2019 413 35.97 5.0
i9 2018 204 82.86 5.0
i10 2023 169 82.29 4.5
i3 2020 463 71.94 4.0
i3 2022 422 72.01 4.5
i9 2023 516 82.3 3.5
i9 2021 146 75.86 4.5
i10 2022 198 50.86 4.0
Ryzen5 2019 277 55.86 4.0
Ryzen9 2019 276 36.55 4.0
Ryzen9 2018 171 40.47 5.0
i5 2022 496 48.3 4.0
Ryzen7 2019 406 38.23 4.5
i3 2020 563 32.65 5.0
Ryzen7 2021 316 81.32 5.0
i10 2020 154 47.5 4.0
Ryzen5 2018 315 81.46 3.5
i9 2023 253 67.05 3.5
i5 2023 506 83.4 4.0
Ryzen5 2018 101 68.48 4.0
Ryzen5 2021 271 54.54 5.0
i9 2021 308 45.86 3.5
i3 2018 249 76.03 4.5
i3 2022 383 38.94 4.0
i5 2018 240 31.67 5.0
i3 2022 545 58.32 3.5
Ryzen5 2020 328 42.7 4.5
Ryzen9 2019 137 77.97 4.0
i9 2021 161 57.9 4.5
Ryzen5 2023 578 35.43 5.0
i3 2019 327 56.41 4.0
Ryzen7 2018 582 84.82 3.5
Ryzen5 2018 434 44.42 4.0
i9 2021 540 73.14 5.0
i10 2018 366 82.97 5.0
i10 2018 349 43.66 5.0
i9 2023 390 41.57 3.5
i10 2020 404 64.81 5.0
i5 2020 139 40.16 3.5
Ryzen9 2023 561 31.5 3.5
Ryzen9 2019 356 30.65 3.5
i5 2023 331 34.74 4.0
i3 2019 251 76.56 4.5
i10 2023 209 82.43 3.5
i10 2018 421 56.71 5.0
Ryzen5 2018 112 62.87 4.0
i3 2022 322 44.92 4.0
i3 2018 565 82.01 5.0
i3 2018 318 58.57 4.5
i10 2022 149 62.01 4.0
Ryzen7 2022 328 48.48 4.5
Ryzen5 2019 131 30.04 4.5
i9 2019 538 76.85 4.5
i10 2021 567 72.99 5.0
Ryzen5 2018 540 44.16 3.5
Ryzen9 2018 529 65.2 4.5
Ryzen7 2019 158 33.52 4.5
i10 2023 514 63.48 3.5
i3 2022 142 73.19 5.0
Ryzen7 2022 512 55.04 4.5
i10 2020 585 34.15 4.0
Ryzen9 2022 502 62.36 5.0
Ryzen9 2022 453 64.27 4.5
i3 2023 330 34.66 4.0
i10 2023 447 34.17 4.5
i9 2023 580 83.38 4.0
i5 2020 175 83.41 4.0
i10 2018 259 66.51 3.5
i10 2022 289 54.68 3.5
